fx = 676.748756
fy = 677.032333
cx = 346.982762
cy = 229.626156
k1 = -0.331818
k2 = -0.033314
k3 = 0
p1 = -0.000313
p2 = 0.000841
skew_c = 0
